281,200,0,10,0.875000
281,200,0,12,0.875000
281,200,0,14,0.875000
281,200,0,16,0.875000
281,200,0,18,0.875000
281,200,0,1a,0.875000
281,200,0,1c,0.875000
281,200,0,1e,0.875000
281,200,0,20,0.750000
281,200,0,22,0.750000
281,200,0,24,0.750000
281,200,0,26,0.750000
281,200,0,28,0.750000
281,200,0,2a,0.750000
281,200,0,2c,0.750000
281,200,0,2e,0.750000
281,200,0,30,0.750000
281,200,0,32,0.750000
281,200,0,34,0.750000
281,200,0,36,0.750000
281,200,0,38,0.750000
281,200,0,3a,0.750000
281,200,0,3c,0.750000
281,200,0,3e,0.750000
281,200,0,40,0.500000
281,200,0,42,0.500000
281,200,0,44,0.500000
281,200,0,46,0.500000
281,200,0,48,0.500000
281,200,0,4a,0.500000
281,200,0,4c,0.500000
281,200,0,4e,0.500000
281,200,0,50,0.500000
281,200,0,52,0.500000
281,200,0,54,0.500000
281,200,0,56,0.500000
281,200,0,58,0.500000
281,200,0,5a,0.500000
281,200,0,5c,0.500000
281,200,0,5e,0.500000
281,200,0,60,0.500000
281,200,0,62,0.500000
281,200,0,64,0.500000
281,200,0,66,0.500000
281,200,0,68,0.500000
281,200,0,6a,0.500000
281,200,0,6c,0.500000
281,200,0,6e,0.500000
281,200,0,70,0.500000
281,200,0,72,0.500000
281,200,0,74,0.500000
281,200,0,76,0.500000
281,200,0,78,0.500000
281,200,0,7a,0.500000
281,200,0,7c,0.500000
281,200,0,7e,0.500000
281,200,0,82,0.011719
281,200,0,84,0.023438
281,200,0,86,0.023438
281,200,0,88,0.046875
281,200,0,8a,0.046875
281,200,0,8c,0.046875
281,200,0,8e,0.046875
281,200,0,90,0.093750
281,200,0,92,0.093750
281,200,0,94,0.093750
281,200,0,96,0.093750
281,200,0,98,0.093750
281,200,0,9a,0.093750
281,200,0,9c,0.093750
281,200,0,9e,0.093750
281,200,0,a0,0.187500
281,200,0,a2,0.187500
281,200,0,a4,0.187500
281,200,0,a6,0.187500
281,200,0,a8,0.187500
281,200,0,aa,0.187500
281,200,0,ac,0.187500
281,200,0,ae,0.187500
281,200,0,b0,0.187500
281,200,0,b2,0.187500
281,200,0,b4,0.187500
281,200,0,b6,0.187500
281,200,0,b8,0.187500
281,200,0,ba,0.187500
281,200,0,bc,0.187500
281,200,0,be,0.187500
281,200,0,c0,0.375000
281,200,0,c2,0.375000
281,200,0,c4,0.375000
281,200,0,c6,0.375000
281,200,0,c8,0.375000
281,200,0,ca,0.375000
281,200,0,cc,0.375000
281,200,0,ce,0.375000
281,200,0,d0,0.375000
281,200,0,d2,0.375000
281,200,0,d4,0.375000
281,200,0,d6,0.375000
281,200,0,d8,0.375000
281,200,0,da,0.375000
281,200,0,dc,0.375000
281,200,0,de,0.375000
281,200,0,e0,0.375000
281,200,0,e2,0.375000
281,200,0,e4,0.375000
281,200,0,e6,0.375000
281,200,0,e8,0.375000
281,200,0,ea,0.375000
281,200,0,ec,0.375000
281,200,0,ee,0.375000
281,200,0,f0,0.375000
281,200,0,f2,0.375000
281,200,0,f4,0.375000
281,200,0,f6,0.375000
281,200,0,f8,0.375000
281,200,0,fa,0.375000
281,200,0,fc,0.375000
281,200,0,fe,0.375000
281,200,1,10,0.437500
281,200,1,12,0.437500
281,200,1,14,0.437500
281,200,1,16,0.437500
281,200,1,18,0.437500
281,200,1,1a,0.437500
281,200,1,1c,0.437500
281,200,1,1e,0.437500
281,200,1,20,0.375000
281,200,1,22,0.375000
281,200,1,24,0.375000
281,200,1,26,0.375000
281,200,1,28,0.375000
281,200,1,2a,0.375000
281,200,1,2c,0.375000
281,200,1,2e,0.375000
281,200,1,30,0.375000
281,200,1,32,0.375000
281,200,1,34,0.375000
281,200,1,36,0.375000
281,200,1,38,0.375000
281,200,1,3a,0.375000
281,200,1,3c,0.375000
281,200,1,3e,0.375000
281,200,1,40,0.250000
281,200,1,42,0.250000
281,200,1,44,0.250000
281,200,1,46,0.250000
281,200,1,48,0.250000
281,200,1,4a,0.250000
281,200,1,4c,0.250000
281,200,1,4e,0.250000
281,200,1,50,0.250000
281,200,1,52,0.250000
281,200,1,54,0.250000
281,200,1,56,0.250000
281,200,1,58,0.250000
281,200,1,5a,0.250000
281,200,1,5c,0.250000
281,200,1,5e,0.250000
281,200,1,60,0.250000
281,200,1,62,0.250000
281,200,1,64,0.250000
281,200,1,66,0.250000
281,200,1,68,0.250000
281,200,1,6a,0.250000
281,200,1,6c,0.250000
281,200,1,6e,0.250000
281,200,1,70,0.250000
281,200,1,72,0.250000
281,200,1,74,0.250000
281,200,1,76,0.250000
281,200,1,78,0.250000
281,200,1,7a,0.250000
281,200,1,7c,0.250000
281,200,1,7e,0.250000
281,200,1,82,0.005859
281,200,1,84,0.011719
281,200,1,86,0.011719
281,200,1,88,0.023438
281,200,1,8a,0.023438
281,200,1,8c,0.023438
281,200,1,8e,0.023438
281,200,1,90,0.046875
281,200,1,92,0.046875
281,200,1,94,0.046875
281,200,1,96,0.046875
281,200,1,98,0.046875
281,200,1,9a,0.046875
281,200,1,9c,0.046875
281,200,1,9e,0.046875
281,200,1,a0,0.093750
281,200,1,a2,0.093750
281,200,1,a4,0.093750
281,200,1,a6,0.093750
281,200,1,a8,0.093750
281,200,1,aa,0.093750
281,200,1,ac,0.093750
281,200,1,ae,0.093750
281,200,1,b0,0.093750
281,200,1,b2,0.093750
281,200,1,b4,0.093750
281,200,1,b6,0.093750
281,200,1,b8,0.093750
281,200,1,ba,0.093750
281,200,1,bc,0.093750
281,200,1,be,0.093750
281,200,1,c0,0.187500
281,200,1,c2,0.187500
281,200,1,c4,0.187500
281,200,1,c6,0.187500
281,200,1,c8,0.187500
281,200,1,ca,0.187500
281,200,1,cc,0.187500
281,200,1,ce,0.187500
281,200,1,d0,0.187500
281,200,1,d2,0.187500
281,200,1,d4,0.187500
281,200,1,d6,0.187500
281,200,1,d8,0.187500
281,200,1,da,0.187500
281,200,1,dc,0.187500
281,200,1,de,0.187500
281,200,1,e0,0.187500
281,200,1,e2,0.187500
281,200,1,e4,0.187500
281,200,1,e6,0.187500
281,200,1,e8,0.187500
281,200,1,ea,0.187500
281,200,1,ec,0.187500
281,200,1,ee,0.187500
281,200,1,f0,0.187500
281,200,1,f2,0.187500
281,200,1,f4,0.187500
281,200,1,f6,0.187500
281,200,1,f8,0.187500
281,200,1,fa,0.187500
281,200,1,fc,0.187500
281,200,1,fe,0.187500
281,200,2,10,0.437500
281,200,2,12,0.437500
281,200,2,14,0.437500
281,200,2,16,0.437500
281,200,2,18,0.437500
281,200,2,1a,0.437500
281,200,2,1c,0.437500
281,200,2,1e,0.437500
281,200,2,20,0.375000
281,200,2,22,0.375000
281,200,2,24,0.375000
281,200,2,26,0.375000
281,200,2,28,0.375000
281,200,2,2a,0.375000
281,200,2,2c,0.375000
281,200,2,2e,0.375000
281,200,2,30,0.375000
281,200,2,32,0.375000
281,200,2,34,0.375000
281,200,2,36,0.375000
281,200,2,38,0.375000
281,200,2,3a,0.375000
281,200,2,3c,0.375000
281,200,2,3e,0.375000
281,200,2,40,0.250000
281,200,2,42,0.250000
281,200,2,44,0.250000
281,200,2,46,0.250000
281,200,2,48,0.250000
281,200,2,4a,0.250000
281,200,2,4c,0.250000
281,200,2,4e,0.250000
281,200,2,50,0.250000
281,200,2,52,0.250000
281,200,2,54,0.250000
281,200,2,56,0.250000
281,200,2,58,0.250000
281,200,2,5a,0.250000
281,200,2,5c,0.250000
281,200,2,5e,0.250000
281,200,2,60,0.250000
281,200,2,62,0.250000
281,200,2,64,0.250000
281,200,2,66,0.250000
281,200,2,68,0.250000
281,200,2,6a,0.250000
281,200,2,6c,0.250000
281,200,2,6e,0.250000
281,200,2,70,0.250000
281,200,2,72,0.250000
281,200,2,74,0.250000
281,200,2,76,0.250000
281,200,2,78,0.250000
281,200,2,7a,0.250000
281,200,2,7c,0.250000
281,200,2,7e,0.250000
281,200,2,80,0.005859
281,200,2,82,0.005859
281,200,2,84,0.011719
281,200,2,86,0.011719
281,200,2,88,0.023438
281,200,2,8a,0.023438
281,200,2,8c,0.023438
281,200,2,8e,0.023438
281,200,2,90,0.046875
281,200,2,92,0.046875
281,200,2,94,0.046875
281,200,2,96,0.046875
281,200,2,98,0.046875
281,200,2,9a,0.046875
281,200,2,9c,0.046875
281,200,2,9e,0.046875
281,200,2,a0,0.093750
281,200,2,a2,0.093750
281,200,2,a4,0.093750
281,200,2,a6,0.093750
281,200,2,a8,0.093750
281,200,2,aa,0.093750
281,200,2,ac,0.093750
281,200,2,ae,0.093750
281,200,2,b0,0.093750
281,200,2,b2,0.093750
281,200,2,b4,0.093750
281,200,2,b6,0.093750
281,200,2,b8,0.093750
281,200,2,ba,0.093750
281,200,2,bc,0.093750
281,200,2,be,0.093750
281,200,2,c0,0.187500
281,200,2,c2,0.187500
281,200,2,c4,0.187500
281,200,2,c6,0.187500
281,200,2,c8,0.187500
281,200,2,ca,0.187500
281,200,2,cc,0.187500
281,200,2,ce,0.187500
281,200,2,d0,0.187500
281,200,2,d2,0.187500
281,200,2,d4,0.187500
281,200,2,d6,0.187500
281,200,2,d8,0.187500
281,200,2,da,0.187500
281,200,2,dc,0.187500
281,200,2,de,0.187500
281,200,2,e0,0.187500
281,200,2,e2,0.187500
281,200,2,e4,0.187500
281,200,2,e6,0.187500
281,200,2,e8,0.187500
281,200,2,ea,0.187500
281,200,2,ec,0.187500
281,200,2,ee,0.187500
281,200,2,f0,0.187500
281,200,2,f2,0.187500
281,200,2,f4,0.187500
281,200,2,f6,0.187500
281,200,2,f8,0.187500
281,200,2,fa,0.187500
281,200,2,fc,0.187500
281,200,2,fe,0.187500
281,200,3,10,0.656250
281,200,3,12,0.656250
281,200,3,14,0.656250
281,200,3,16,0.656250
281,200,3,18,0.656250
281,200,3,1a,0.656250
281,200,3,1c,0.656250
281,200,3,1e,0.656250
281,200,3,20,0.562500
281,200,3,22,0.562500
281,200,3,24,0.562500
281,200,3,26,0.562500
281,200,3,28,0.562500
281,200,3,2a,0.562500
281,200,3,2c,0.562500
281,200,3,2e,0.562500
281,200,3,30,0.562500
281,200,3,32,0.562500
281,200,3,34,0.562500
281,200,3,36,0.562500
281,200,3,38,0.562500
281,200,3,3a,0.562500
281,200,3,3c,0.562500
281,200,3,3e,0.562500
281,200,3,40,0.375000
281,200,3,42,0.375000
281,200,3,44,0.375000
281,200,3,46,0.375000
281,200,3,48,0.375000
281,200,3,4a,0.375000
281,200,3,4c,0.375000
281,200,3,4e,0.375000
281,200,3,50,0.375000
281,200,3,52,0.375000
281,200,3,54,0.375000
281,200,3,56,0.375000
281,200,3,58,0.375000
281,200,3,5a,0.375000
281,200,3,5c,0.375000
281,200,3,5e,0.375000
281,200,3,60,0.375000
281,200,3,62,0.375000
281,200,3,64,0.375000
281,200,3,66,0.375000
281,200,3,68,0.375000
281,200,3,6a,0.375000
281,200,3,6c,0.375000
281,200,3,6e,0.375000
281,200,3,70,0.375000
281,200,3,72,0.375000
281,200,3,74,0.375000
281,200,3,76,0.375000
281,200,3,78,0.375000
281,200,3,7a,0.375000
281,200,3,7c,0.375000
281,200,3,7e,0.375000
281,200,3,80,0.005859
281,200,3,82,0.011719
281,200,3,84,0.017578
281,200,3,86,0.017578
281,200,3,88,0.035156
281,200,3,8a,0.035156
281,200,3,8c,0.035156
281,200,3,8e,0.035156
281,200,3,90,0.070312
281,200,3,92,0.070312
281,200,3,94,0.070312
281,200,3,96,0.070312
281,200,3,98,0.070312
281,200,3,9a,0.070312
281,200,3,9c,0.070312
281,200,3,9e,0.070312
281,200,3,a0,0.140625
281,200,3,a2,0.140625
281,200,3,a4,0.140625
281,200,3,a6,0.140625
281,200,3,a8,0.140625
281,200,3,aa,0.140625
281,200,3,ac,0.140625
281,200,3,ae,0.140625
281,200,3,b0,0.140625
281,200,3,b2,0.140625
281,200,3,b4,0.140625
281,200,3,b6,0.140625
281,200,3,b8,0.140625
281,200,3,ba,0.140625
281,200,3,bc,0.140625
281,200,3,be,0.140625
281,200,3,c0,0.281250
281,200,3,c2,0.281250
281,200,3,c4,0.281250
281,200,3,c6,0.281250
281,200,3,c8,0.281250
281,200,3,ca,0.281250
281,200,3,cc,0.281250
281,200,3,ce,0.281250
281,200,3,d0,0.281250
281,200,3,d2,0.281250
281,200,3,d4,0.281250
281,200,3,d6,0.281250
281,200,3,d8,0.281250
281,200,3,da,0.281250
281,200,3,dc,0.281250
281,200,3,de,0.281250
281,200,3,e0,0.281250
281,200,3,e2,0.281250
281,200,3,e4,0.281250
281,200,3,e6,0.281250
281,200,3,e8,0.281250
281,200,3,ea,0.281250
281,200,3,ec,0.281250
281,200,3,ee,0.281250
281,200,3,f0,0.281250
281,200,3,f2,0.281250
281,200,3,f4,0.281250
281,200,3,f6,0.281250
281,200,3,f8,0.281250
281,200,3,fa,0.281250
281,200,3,fc,0.281250
281,200,3,fe,0.281250
281,200,4,10,0.656250
281,200,4,12,0.656250
281,200,4,14,0.656250
281,200,4,16,0.656250
281,200,4,18,0.656250
281,200,4,1a,0.656250
281,200,4,1c,0.656250
281,200,4,1e,0.656250
281,200,4,20,0.562500
281,200,4,22,0.562500
281,200,4,24,0.562500
281,200,4,26,0.562500
281,200,4,28,0.562500
281,200,4,2a,0.562500
281,200,4,2c,0.562500
281,200,4,2e,0.562500
281,200,4,30,0.562500
281,200,4,32,0.562500
281,200,4,34,0.562500
281,200,4,36,0.562500
281,200,4,38,0.562500
281,200,4,3a,0.562500
281,200,4,3c,0.562500
281,200,4,3e,0.562500
281,200,4,40,0.375000
281,200,4,42,0.375000
281,200,4,44,0.375000
281,200,4,46,0.375000
281,200,4,48,0.375000
281,200,4,4a,0.375000
281,200,4,4c,0.375000
281,200,4,4e,0.375000
281,200,4,50,0.375000
281,200,4,52,0.375000
281,200,4,54,0.375000
281,200,4,56,0.375000
281,200,4,58,0.375000
281,200,4,5a,0.375000
281,200,4,5c,0.375000
281,200,4,5e,0.375000
281,200,4,60,0.375000
281,200,4,62,0.375000
281,200,4,64,0.375000
281,200,4,66,0.375000
281,200,4,68,0.375000
281,200,4,6a,0.375000
281,200,4,6c,0.375000
281,200,4,6e,0.375000
281,200,4,70,0.375000
281,200,4,72,0.375000
281,200,4,74,0.375000
281,200,4,76,0.375000
281,200,4,78,0.375000
281,200,4,7a,0.375000
281,200,4,7c,0.375000
281,200,4,7e,0.375000
281,200,4,80,0.017578
281,200,4,82,0.017578
281,200,4,84,0.017578
281,200,4,86,0.029297
281,200,4,88,0.035156
281,200,4,8a,0.035156
281,200,4,8c,0.035156
281,200,4,8e,0.035156
281,200,4,90,0.070312
281,200,4,92,0.070312
281,200,4,94,0.070312
281,200,4,96,0.070312
281,200,4,98,0.070312
281,200,4,9a,0.070312
281,200,4,9c,0.070312
281,200,4,9e,0.070312
281,200,4,a0,0.140625
281,200,4,a2,0.140625
281,200,4,a4,0.140625
281,200,4,a6,0.140625
281,200,4,a8,0.140625
281,200,4,aa,0.140625
281,200,4,ac,0.140625
281,200,4,ae,0.140625
281,200,4,b0,0.140625
281,200,4,b2,0.140625
281,200,4,b4,0.140625
281,200,4,b6,0.140625
281,200,4,b8,0.140625
281,200,4,ba,0.140625
281,200,4,bc,0.140625
281,200,4,be,0.140625
281,200,4,c0,0.281250
281,200,4,c2,0.281250
281,200,4,c4,0.281250
281,200,4,c6,0.281250
281,200,4,c8,0.281250
281,200,4,ca,0.281250
281,200,4,cc,0.281250
281,200,4,ce,0.281250
281,200,4,d0,0.281250
281,200,4,d2,0.281250
281,200,4,d4,0.281250
281,200,4,d6,0.281250
281,200,4,d8,0.281250
281,200,4,da,0.281250
281,200,4,dc,0.281250
281,200,4,de,0.281250
281,200,4,e0,0.281250
281,200,4,e2,0.281250
281,200,4,e4,0.281250
281,200,4,e6,0.281250
281,200,4,e8,0.281250
281,200,4,ea,0.281250
281,200,4,ec,0.281250
281,200,4,ee,0.281250
281,200,4,f0,0.281250
281,200,4,f2,0.281250
281,200,4,f4,0.281250
281,200,4,f6,0.281250
281,200,4,f8,0.281250
281,200,4,fa,0.281250
281,200,4,fc,0.281250
281,200,4,fe,0.281250
281,200,5,0,0.484375
281,200,5,2,0.484375
281,200,5,4,0.484375
281,200,5,6,0.476562
281,200,5,8,0.468750
281,200,5,a,0.468750
281,200,5,c,0.468750
281,200,5,e,0.468750
281,200,5,10,0.437500
281,200,5,12,0.437500
281,200,5,14,0.437500
281,200,5,16,0.437500
281,200,5,18,0.437500
281,200,5,1a,0.437500
281,200,5,1c,0.437500
281,200,5,1e,0.437500
281,200,5,20,0.375000
281,200,5,22,0.375000
281,200,5,24,0.375000
281,200,5,26,0.375000
281,200,5,28,0.375000
281,200,5,2a,0.375000
281,200,5,2c,0.375000
281,200,5,2e,0.375000
281,200,5,30,0.375000
281,200,5,32,0.375000
281,200,5,34,0.375000
281,200,5,36,0.375000
281,200,5,38,0.375000
281,200,5,3a,0.375000
281,200,5,3c,0.375000
281,200,5,3e,0.375000
281,200,5,40,0.250000
281,200,5,42,0.250000
281,200,5,44,0.250000
281,200,5,46,0.250000
281,200,5,48,0.250000
281,200,5,4a,0.250000
281,200,5,4c,0.250000
281,200,5,4e,0.250000
281,200,5,50,0.250000
281,200,5,52,0.250000
281,200,5,54,0.250000
281,200,5,56,0.250000
281,200,5,58,0.250000
281,200,5,5a,0.250000
281,200,5,5c,0.250000
281,200,5,5e,0.250000
281,200,5,60,0.250000
281,200,5,62,0.250000
281,200,5,64,0.250000
281,200,5,66,0.250000
281,200,5,68,0.250000
281,200,5,6a,0.250000
281,200,5,6c,0.250000
281,200,5,6e,0.250000
281,200,5,70,0.250000
281,200,5,72,0.250000
281,200,5,74,0.250000
281,200,5,76,0.250000
281,200,5,78,0.250000
281,200,5,7a,0.250000
281,200,5,7c,0.250000
281,200,5,7e,0.250000
281,200,5,80,0.011719
281,200,5,82,0.011719
281,200,5,84,0.011719
281,200,5,86,0.017578
281,200,5,88,0.023438
281,200,5,8a,0.023438
281,200,5,8c,0.023438
281,200,5,8e,0.023438
281,200,5,90,0.046875
281,200,5,92,0.046875
281,200,5,94,0.046875
281,200,5,96,0.046875
281,200,5,98,0.046875
281,200,5,9a,0.046875
281,200,5,9c,0.046875
281,200,5,9e,0.046875
281,200,5,a0,0.093750
281,200,5,a2,0.093750
281,200,5,a4,0.093750
281,200,5,a6,0.093750
281,200,5,a8,0.093750
281,200,5,aa,0.093750
281,200,5,ac,0.093750
281,200,5,ae,0.093750
281,200,5,b0,0.093750
281,200,5,b2,0.093750
281,200,5,b4,0.093750
281,200,5,b6,0.093750
281,200,5,b8,0.093750
281,200,5,ba,0.093750
281,200,5,bc,0.093750
281,200,5,be,0.093750
281,200,5,c0,0.187500
281,200,5,c2,0.187500
281,200,5,c4,0.187500
281,200,5,c6,0.187500
281,200,5,c8,0.187500
281,200,5,ca,0.187500
281,200,5,cc,0.187500
281,200,5,ce,0.187500
281,200,5,d0,0.187500
281,200,5,d2,0.187500
281,200,5,d4,0.187500
281,200,5,d6,0.187500
281,200,5,d8,0.187500
281,200,5,da,0.187500
281,200,5,dc,0.187500
281,200,5,de,0.187500
281,200,5,e0,0.187500
281,200,5,e2,0.187500
281,200,5,e4,0.187500
281,200,5,e6,0.187500
281,200,5,e8,0.187500
281,200,5,ea,0.187500
281,200,5,ec,0.187500
281,200,5,ee,0.187500
281,200,5,f0,0.187500
281,200,5,f2,0.187500
281,200,5,f4,0.187500
281,200,5,f6,0.187500
281,200,5,f8,0.187500
281,200,5,fa,0.187500
281,200,5,fc,0.187500
281,200,5,fe,0.187500
281,200,6,0,0.484375
281,200,6,2,0.484375
281,200,6,4,0.476562
281,200,6,6,0.476562
281,200,6,8,0.468750
281,200,6,a,0.468750
281,200,6,c,0.468750
281,200,6,e,0.468750
281,200,6,10,0.437500
281,200,6,12,0.437500
281,200,6,14,0.437500
281,200,6,16,0.437500
281,200,6,18,0.437500
281,200,6,1a,0.437500
281,200,6,1c,0.437500
281,200,6,1e,0.437500
281,200,6,20,0.375000
281,200,6,22,0.375000
281,200,6,24,0.375000
281,200,6,26,0.375000
281,200,6,28,0.375000
281,200,6,2a,0.375000
281,200,6,2c,0.375000
281,200,6,2e,0.375000
281,200,6,30,0.375000
281,200,6,32,0.375000
281,200,6,34,0.375000
281,200,6,36,0.375000
281,200,6,38,0.375000
281,200,6,3a,0.375000
281,200,6,3c,0.375000
281,200,6,3e,0.375000
281,200,6,40,0.250000
281,200,6,42,0.250000
281,200,6,44,0.250000
281,200,6,46,0.250000
281,200,6,48,0.250000
281,200,6,4a,0.250000
281,200,6,4c,0.250000
281,200,6,4e,0.250000
281,200,6,50,0.250000
281,200,6,52,0.250000
281,200,6,54,0.250000
281,200,6,56,0.250000
281,200,6,58,0.250000
281,200,6,5a,0.250000
281,200,6,5c,0.250000
281,200,6,5e,0.250000
281,200,6,60,0.250000
281,200,6,62,0.250000
281,200,6,64,0.250000
281,200,6,66,0.250000
281,200,6,68,0.250000
281,200,6,6a,0.250000
281,200,6,6c,0.250000
281,200,6,6e,0.250000
281,200,6,70,0.250000
281,200,6,72,0.250000
281,200,6,74,0.250000
281,200,6,76,0.250000
281,200,6,78,0.250000
281,200,6,7a,0.250000
281,200,6,7c,0.250000
281,200,6,7e,0.250000
281,200,6,80,0.011719
281,200,6,82,0.011719
281,200,6,84,0.017578
281,200,6,86,0.017578
281,200,6,88,0.023438
281,200,6,8a,0.023438
281,200,6,8c,0.023438
281,200,6,8e,0.023438
281,200,6,90,0.046875
281,200,6,92,0.046875
281,200,6,94,0.046875
281,200,6,96,0.046875
281,200,6,98,0.046875
281,200,6,9a,0.046875
281,200,6,9c,0.046875
281,200,6,9e,0.046875
281,200,6,a0,0.093750
281,200,6,a2,0.093750
281,200,6,a4,0.093750
281,200,6,a6,0.093750
281,200,6,a8,0.093750
281,200,6,aa,0.093750
281,200,6,ac,0.093750
281,200,6,ae,0.093750
281,200,6,b0,0.093750
281,200,6,b2,0.093750
281,200,6,b4,0.093750
281,200,6,b6,0.093750
281,200,6,b8,0.093750
281,200,6,ba,0.093750
281,200,6,bc,0.093750
281,200,6,be,0.093750
281,200,6,c0,0.187500
281,200,6,c2,0.187500
281,200,6,c4,0.187500
281,200,6,c6,0.187500
281,200,6,c8,0.187500
281,200,6,ca,0.187500
281,200,6,cc,0.187500
281,200,6,ce,0.187500
281,200,6,d0,0.187500
281,200,6,d2,0.187500
281,200,6,d4,0.187500
281,200,6,d6,0.187500
281,200,6,d8,0.187500
281,200,6,da,0.187500
281,200,6,dc,0.187500
281,200,6,de,0.187500
281,200,6,e0,0.187500
281,200,6,e2,0.187500
281,200,6,e4,0.187500
281,200,6,e6,0.187500
281,200,6,e8,0.187500
281,200,6,ea,0.187500
281,200,6,ec,0.187500
281,200,6,ee,0.187500
281,200,6,f0,0.187500
281,200,6,f2,0.187500
281,200,6,f4,0.187500
281,200,6,f6,0.187500
281,200,6,f8,0.187500
281,200,6,fa,0.187500
281,200,6,fc,0.187500
281,200,6,fe,0.187500
281,200,7,0,0.851562
281,200,7,2,0.851562
281,200,7,4,0.835938
281,200,7,6,0.828125
281,200,7,8,0.820312
281,200,7,a,0.820312
281,200,7,c,0.820312
281,200,7,e,0.820312
281,200,7,10,0.765625
281,200,7,12,0.765625
281,200,7,14,0.765625
281,200,7,16,0.765625
281,200,7,18,0.765625
281,200,7,1a,0.765625
281,200,7,1c,0.765625
281,200,7,1e,0.765625
281,200,7,20,0.656250
281,200,7,22,0.656250
281,200,7,24,0.656250
281,200,7,26,0.656250
281,200,7,28,0.656250
281,200,7,2a,0.656250
281,200,7,2c,0.656250
281,200,7,2e,0.656250
281,200,7,30,0.656250
281,200,7,32,0.656250
281,200,7,34,0.656250
281,200,7,36,0.656250
281,200,7,38,0.656250
281,200,7,3a,0.656250
281,200,7,3c,0.656250
281,200,7,3e,0.656250
281,200,7,40,0.437500
281,200,7,42,0.437500
281,200,7,44,0.437500
281,200,7,46,0.437500
281,200,7,48,0.437500
281,200,7,4a,0.437500
281,200,7,4c,0.437500
281,200,7,4e,0.437500
281,200,7,50,0.437500
281,200,7,52,0.437500
281,200,7,54,0.437500
281,200,7,56,0.437500
281,200,7,58,0.437500
281,200,7,5a,0.437500
281,200,7,5c,0.437500
281,200,7,5e,0.437500
281,200,7,60,0.437500
281,200,7,62,0.437500
281,200,7,64,0.437500
281,200,7,66,0.437500
281,200,7,68,0.437500
281,200,7,6a,0.437500
281,200,7,6c,0.437500
281,200,7,6e,0.437500
281,200,7,70,0.437500
281,200,7,72,0.437500
281,200,7,74,0.437500
281,200,7,76,0.437500
281,200,7,78,0.437500
281,200,7,7a,0.437500
281,200,7,7c,0.437500
281,200,7,7e,0.437500
281,200,7,80,0.017578
281,200,7,82,0.017578
281,200,7,84,0.029297
281,200,7,86,0.035156
281,200,7,88,0.041016
281,200,7,8a,0.041016
281,200,7,8c,0.041016
281,200,7,8e,0.041016
281,200,7,90,0.082031
281,200,7,92,0.082031
281,200,7,94,0.082031
281,200,7,96,0.082031
281,200,7,98,0.082031
281,200,7,9a,0.082031
281,200,7,9c,0.082031
281,200,7,9e,0.082031
281,200,7,a0,0.164062
281,200,7,a2,0.164062
281,200,7,a4,0.164062
281,200,7,a6,0.164062
281,200,7,a8,0.164062
281,200,7,aa,0.164062
281,200,7,ac,0.164062
281,200,7,ae,0.164062
281,200,7,b0,0.164062
281,200,7,b2,0.164062
281,200,7,b4,0.164062
281,200,7,b6,0.164062
281,200,7,b8,0.164062
281,200,7,ba,0.164062
281,200,7,bc,0.164062
281,200,7,be,0.164062
281,200,7,c0,0.328125
281,200,7,c2,0.328125
281,200,7,c4,0.328125
281,200,7,c6,0.328125
281,200,7,c8,0.328125
281,200,7,ca,0.328125
281,200,7,cc,0.328125
281,200,7,ce,0.328125
281,200,7,d0,0.328125
281,200,7,d2,0.328125
281,200,7,d4,0.328125
281,200,7,d6,0.328125
281,200,7,d8,0.328125
281,200,7,da,0.328125
281,200,7,dc,0.328125
281,200,7,de,0.328125
281,200,7,e0,0.328125
281,200,7,e2,0.328125
281,200,7,e4,0.328125
281,200,7,e6,0.328125
281,200,7,e8,0.328125
281,200,7,ea,0.328125
281,200,7,ec,0.328125
281,200,7,ee,0.328125
281,200,7,f0,0.328125
281,200,7,f2,0.328125
281,200,7,f4,0.328125
281,200,7,f6,0.328125
281,200,7,f8,0.328125
281,200,7,fa,0.328125
281,200,7,fc,0.328125
281,200,7,fe,0.328125
281,200,8,0,0.820312
281,200,8,2,0.820312
281,200,8,4,0.820312
281,200,8,6,0.820312
281,200,8,8,0.820312
281,200,8,a,0.804688
281,200,8,c,0.789062
281,200,8,e,0.789062
281,200,8,10,0.765625
281,200,8,12,0.765625
281,200,8,14,0.765625
281,200,8,16,0.765625
281,200,8,18,0.765625
281,200,8,1a,0.765625
281,200,8,1c,0.765625
281,200,8,1e,0.765625
281,200,8,20,0.656250
281,200,8,22,0.656250
281,200,8,24,0.656250
281,200,8,26,0.656250
281,200,8,28,0.656250
281,200,8,2a,0.656250
281,200,8,2c,0.656250
281,200,8,2e,0.656250
281,200,8,30,0.656250
281,200,8,32,0.656250
281,200,8,34,0.656250
281,200,8,36,0.656250
281,200,8,38,0.656250
281,200,8,3a,0.656250
281,200,8,3c,0.656250
281,200,8,3e,0.656250
281,200,8,40,0.437500
281,200,8,42,0.437500
281,200,8,44,0.437500
281,200,8,46,0.437500
281,200,8,48,0.437500
281,200,8,4a,0.437500
281,200,8,4c,0.437500
281,200,8,4e,0.437500
281,200,8,50,0.437500
281,200,8,52,0.437500
281,200,8,54,0.437500
281,200,8,56,0.437500
281,200,8,58,0.437500
281,200,8,5a,0.437500
281,200,8,5c,0.437500
281,200,8,5e,0.437500
281,200,8,60,0.437500
281,200,8,62,0.437500
281,200,8,64,0.437500
281,200,8,66,0.437500
281,200,8,68,0.437500
281,200,8,6a,0.437500
281,200,8,6c,0.437500
281,200,8,6e,0.437500
281,200,8,70,0.437500
281,200,8,72,0.437500
281,200,8,74,0.437500
281,200,8,76,0.437500
281,200,8,78,0.437500
281,200,8,7a,0.437500
281,200,8,7c,0.437500
281,200,8,7e,0.437500
281,200,8,80,0.041016
281,200,8,82,0.041016
281,200,8,84,0.041016
281,200,8,86,0.041016
281,200,8,88,0.041016
281,200,8,8a,0.052734
281,200,8,8c,0.064453
281,200,8,8e,0.064453
281,200,8,90,0.082031
281,200,8,92,0.082031
281,200,8,94,0.082031
281,200,8,96,0.082031
281,200,8,98,0.082031
281,200,8,9a,0.082031
281,200,8,9c,0.082031
281,200,8,9e,0.082031
281,200,8,a0,0.164062
281,200,8,a2,0.164062
281,200,8,a4,0.164062
281,200,8,a6,0.164062
281,200,8,a8,0.164062
281,200,8,aa,0.164062
281,200,8,ac,0.164062
281,200,8,ae,0.164062
281,200,8,b0,0.164062
281,200,8,b2,0.164062
281,200,8,b4,0.164062
281,200,8,b6,0.164062
281,200,8,b8,0.164062
281,200,8,ba,0.164062
281,200,8,bc,0.164062
281,200,8,be,0.164062
281,200,8,c0,0.328125
281,200,8,c2,0.328125
281,200,8,c4,0.328125
281,200,8,c6,0.328125
281,200,8,c8,0.328125
281,200,8,ca,0.328125
281,200,8,cc,0.328125
281,200,8,ce,0.328125
281,200,8,d0,0.328125
281,200,8,d2,0.328125
281,200,8,d4,0.328125
281,200,8,d6,0.328125
281,200,8,d8,0.328125
281,200,8,da,0.328125
281,200,8,dc,0.328125
281,200,8,de,0.328125
281,200,8,e0,0.328125
281,200,8,e2,0.328125
281,200,8,e4,0.328125
281,200,8,e6,0.328125
281,200,8,e8,0.328125
281,200,8,ea,0.328125
281,200,8,ec,0.328125
281,200,8,ee,0.328125
281,200,8,f0,0.328125
281,200,8,f2,0.328125
281,200,8,f4,0.328125
281,200,8,f6,0.328125
281,200,8,f8,0.328125
281,200,8,fa,0.328125
281,200,8,fc,0.328125
281,200,8,fe,0.328125
281,200,9,0,0.468750
281,200,9,2,0.468750
281,200,9,4,0.468750
281,200,9,6,0.468750
281,200,9,8,0.468750
281,200,9,a,0.460938
281,200,9,c,0.453125
281,200,9,e,0.453125
281,200,9,10,0.437500
281,200,9,12,0.437500
281,200,9,14,0.437500
281,200,9,16,0.437500
281,200,9,18,0.437500
281,200,9,1a,0.437500
281,200,9,1c,0.437500
281,200,9,1e,0.437500
281,200,9,20,0.375000
281,200,9,22,0.375000
281,200,9,24,0.375000
281,200,9,26,0.375000
281,200,9,28,0.375000
281,200,9,2a,0.375000
281,200,9,2c,0.375000
281,200,9,2e,0.375000
281,200,9,30,0.375000
281,200,9,32,0.375000
281,200,9,34,0.375000
281,200,9,36,0.375000
281,200,9,38,0.375000
281,200,9,3a,0.375000
281,200,9,3c,0.375000
281,200,9,3e,0.375000
281,200,9,40,0.250000
281,200,9,42,0.250000
281,200,9,44,0.250000
281,200,9,46,0.250000
281,200,9,48,0.250000
281,200,9,4a,0.250000
281,200,9,4c,0.250000
281,200,9,4e,0.250000
281,200,9,50,0.250000
281,200,9,52,0.250000
281,200,9,54,0.250000
281,200,9,56,0.250000
281,200,9,58,0.250000
281,200,9,5a,0.250000
281,200,9,5c,0.250000
281,200,9,5e,0.250000
281,200,9,60,0.250000
281,200,9,62,0.250000
281,200,9,64,0.250000
281,200,9,66,0.250000
281,200,9,68,0.250000
281,200,9,6a,0.250000
281,200,9,6c,0.250000
281,200,9,6e,0.250000
281,200,9,70,0.250000
281,200,9,72,0.250000
281,200,9,74,0.250000
281,200,9,76,0.250000
281,200,9,78,0.250000
281,200,9,7a,0.250000
281,200,9,7c,0.250000
281,200,9,7e,0.250000
281,200,9,80,0.023438
281,200,9,82,0.023438
281,200,9,84,0.023438
281,200,9,86,0.023438
281,200,9,88,0.023438
281,200,9,8a,0.029297
281,200,9,8c,0.035156
281,200,9,8e,0.035156
281,200,9,90,0.046875
281,200,9,92,0.046875
281,200,9,94,0.046875
281,200,9,96,0.046875
281,200,9,98,0.046875
281,200,9,9a,0.046875
281,200,9,9c,0.046875
281,200,9,9e,0.046875
281,200,9,a0,0.093750
281,200,9,a2,0.093750
281,200,9,a4,0.093750
281,200,9,a6,0.093750
281,200,9,a8,0.093750
281,200,9,aa,0.093750
281,200,9,ac,0.093750
281,200,9,ae,0.093750
281,200,9,b0,0.093750
281,200,9,b2,0.093750
281,200,9,b4,0.093750
281,200,9,b6,0.093750
281,200,9,b8,0.093750
281,200,9,ba,0.093750
281,200,9,bc,0.093750
281,200,9,be,0.093750
281,200,9,c0,0.187500
281,200,9,c2,0.187500
281,200,9,c4,0.187500
281,200,9,c6,0.187500
281,200,9,c8,0.187500
281,200,9,ca,0.187500
281,200,9,cc,0.187500
281,200,9,ce,0.187500
281,200,9,d0,0.187500
281,200,9,d2,0.187500
281,200,9,d4,0.187500
281,200,9,d6,0.187500
281,200,9,d8,0.187500
281,200,9,da,0.187500
281,200,9,dc,0.187500
281,200,9,de,0.187500
281,200,9,e0,0.187500
281,200,9,e2,0.187500
281,200,9,e4,0.187500
281,200,9,e6,0.187500
281,200,9,e8,0.187500
281,200,9,ea,0.187500
281,200,9,ec,0.187500
281,200,9,ee,0.187500
281,200,9,f0,0.187500
281,200,9,f2,0.187500
281,200,9,f4,0.187500
281,200,9,f6,0.187500
281,200,9,f8,0.187500
281,200,9,fa,0.187500
281,200,9,fc,0.187500
281,200,9,fe,0.187500
281,200,a,0,0.468750
281,200,a,2,0.468750
281,200,a,4,0.468750
281,200,a,6,0.468750
281,200,a,8,0.460938
281,200,a,a,0.460938
281,200,a,c,0.453125
281,200,a,e,0.453125
281,200,a,10,0.437500
281,200,a,12,0.437500
281,200,a,14,0.437500
281,200,a,16,0.437500
281,200,a,18,0.437500
281,200,a,1a,0.437500
281,200,a,1c,0.437500
281,200,a,1e,0.437500
281,200,a,20,0.375000
281,200,a,22,0.375000
281,200,a,24,0.375000
281,200,a,26,0.375000
281,200,a,28,0.375000
281,200,a,2a,0.375000
281,200,a,2c,0.375000
281,200,a,2e,0.375000
281,200,a,30,0.375000
281,200,a,32,0.375000
281,200,a,34,0.375000
281,200,a,36,0.375000
281,200,a,38,0.375000
281,200,a,3a,0.375000
281,200,a,3c,0.375000
281,200,a,3e,0.375000
281,200,a,40,0.250000
281,200,a,42,0.250000
281,200,a,44,0.250000
281,200,a,46,0.250000
281,200,a,48,0.250000
281,200,a,4a,0.250000
281,200,a,4c,0.250000
281,200,a,4e,0.250000
281,200,a,50,0.250000
281,200,a,52,0.250000
281,200,a,54,0.250000
281,200,a,56,0.250000
281,200,a,58,0.250000
281,200,a,5a,0.250000
281,200,a,5c,0.250000
281,200,a,5e,0.250000
281,200,a,60,0.250000
281,200,a,62,0.250000
281,200,a,64,0.250000
281,200,a,66,0.250000
281,200,a,68,0.250000
281,200,a,6a,0.250000
281,200,a,6c,0.250000
281,200,a,6e,0.250000
281,200,a,70,0.250000
281,200,a,72,0.250000
281,200,a,74,0.250000
281,200,a,76,0.250000
281,200,a,78,0.250000
281,200,a,7a,0.250000
281,200,a,7c,0.250000
281,200,a,7e,0.250000
281,200,a,80,0.023438
281,200,a,82,0.023438
281,200,a,84,0.023438
281,200,a,86,0.023438
281,200,a,88,0.029297
281,200,a,8a,0.029297
281,200,a,8c,0.035156
281,200,a,8e,0.035156
281,200,a,90,0.046875
281,200,a,92,0.046875
281,200,a,94,0.046875
281,200,a,96,0.046875
281,200,a,98,0.046875
281,200,a,9a,0.046875
281,200,a,9c,0.046875
281,200,a,9e,0.046875
281,200,a,a0,0.093750
281,200,a,a2,0.093750
281,200,a,a4,0.093750
281,200,a,a6,0.093750
281,200,a,a8,0.093750
281,200,a,aa,0.093750
281,200,a,ac,0.093750
281,200,a,ae,0.093750
281,200,a,b0,0.093750
281,200,a,b2,0.093750
281,200,a,b4,0.093750
281,200,a,b6,0.093750
281,200,a,b8,0.093750
281,200,a,ba,0.093750
281,200,a,bc,0.093750
281,200,a,be,0.093750
281,200,a,c0,0.187500
281,200,a,c2,0.187500
281,200,a,c4,0.187500
281,200,a,c6,0.187500
281,200,a,c8,0.187500
281,200,a,ca,0.187500
281,200,a,cc,0.187500
281,200,a,ce,0.187500
281,200,a,d0,0.187500
281,200,a,d2,0.187500
281,200,a,d4,0.187500
281,200,a,d6,0.187500
281,200,a,d8,0.187500
281,200,a,da,0.187500
281,200,a,dc,0.187500
281,200,a,de,0.187500
281,200,a,e0,0.187500
281,200,a,e2,0.187500
281,200,a,e4,0.187500
281,200,a,e6,0.187500
281,200,a,e8,0.187500
281,200,a,ea,0.187500
281,200,a,ec,0.187500
281,200,a,ee,0.187500
281,200,a,f0,0.187500
281,200,a,f2,0.187500
281,200,a,f4,0.187500
281,200,a,f6,0.187500
281,200,a,f8,0.187500
281,200,a,fa,0.187500
281,200,a,fc,0.187500
281,200,a,fe,0.187500
281,200,b,0,0.703125
281,200,b,2,0.703125
281,200,b,4,0.703125
281,200,b,6,0.703125
281,200,b,8,0.695312
281,200,b,a,0.687500
281,200,b,c,0.679688
281,200,b,e,0.679688
281,200,b,10,0.656250
281,200,b,12,0.656250
281,200,b,14,0.656250
281,200,b,16,0.656250
281,200,b,18,0.656250
281,200,b,1a,0.656250
281,200,b,1c,0.656250
281,200,b,1e,0.656250
281,200,b,20,0.562500
281,200,b,22,0.562500
281,200,b,24,0.562500
281,200,b,26,0.562500
281,200,b,28,0.562500
281,200,b,2a,0.562500
281,200,b,2c,0.562500
281,200,b,2e,0.562500
281,200,b,30,0.562500
281,200,b,32,0.562500
281,200,b,34,0.562500
281,200,b,36,0.562500
281,200,b,38,0.562500
281,200,b,3a,0.562500
281,200,b,3c,0.562500
281,200,b,3e,0.562500

281,200,b,40,0.375000
281,200,b,42,0.375000
281,200,b,44,0.375000
281,200,b,46,0.375000
281,200,b,48,0.375000
281,200,b,4a,0.375000
281,200,b,4c,0.375000
281,200,b,4e,0.375000
281,200,b,50,0.375000
281,200,b,52,0.375000
281,200,b,54,0.375000
281,200,b,56,0.375000
281,200,b,58,0.375000
281,200,b,5a,0.375000
281,200,b,5c,0.375000
281,200,b,5e,0.375000
281,200,b,60,0.375000
281,200,b,62,0.375000
281,200,b,64,0.375000
281,200,b,66,0.375000
281,200,b,68,0.375000
281,200,b,6a,0.375000
281,200,b,6c,0.375000
281,200,b,6e,0.375000
281,200,b,70,0.375000
281,200,b,72,0.375000
281,200,b,74,0.375000
281,200,b,76,0.375000
281,200,b,78,0.375000
281,200,b,7a,0.375000
281,200,b,7c,0.375000
281,200,b,7e,0.375000
281,200,b,80,0.035156
281,200,b,82,0.035156
281,200,b,84,0.035156
281,200,b,86,0.035156
281,200,b,88,0.041016
281,200,b,8a,0.046875
281,200,b,8c,0.052734
281,200,b,8e,0.052734
281,200,b,90,0.070312
281,200,b,92,0.070312
281,200,b,94,0.070312
281,200,b,96,0.070312
281,200,b,98,0.070312
281,200,b,9a,0.070312
281,200,b,9c,0.070312
281,200,b,9e,0.070312
281,200,b,a0,0.140625
281,200,b,a2,0.140625
281,200,b,a4,0.140625
281,200,b,a6,0.140625
281,200,b,a8,0.140625
281,200,b,aa,0.140625
281,200,b,ac,0.140625
281,200,b,ae,0.140625
281,200,b,b0,0.140625
281,200,b,b2,0.140625
281,200,b,b4,0.140625
281,200,b,b6,0.140625
281,200,b,b8,0.140625
281,200,b,ba,0.140625
281,200,b,bc,0.140625
281,200,b,be,0.140625
281,200,b,c0,0.281250
281,200,b,c2,0.281250
281,200,b,c4,0.281250
281,200,b,c6,0.281250
281,200,b,c8,0.281250
281,200,b,ca,0.281250
281,200,b,cc,0.281250
281,200,b,ce,0.281250
281,200,b,d0,0.281250
281,200,b,d2,0.281250
281,200,b,d4,0.281250
281,200,b,d6,0.281250
281,200,b,d8,0.281250
281,200,b,da,0.281250
281,200,b,dc,0.281250
281,200,b,de,0.281250
281,200,b,e0,0.281250
281,200,b,e2,0.281250
281,200,b,e4,0.281250
281,200,b,e6,0.281250
281,200,b,e8,0.281250
281,200,b,ea,0.281250
281,200,b,ec,0.281250
281,200,b,ee,0.281250
281,200,b,f0,0.281250
281,200,b,f2,0.281250
281,200,b,f4,0.281250
281,200,b,f6,0.281250
281,200,b,f8,0.281250
281,200,b,fa,0.281250
281,200,b,fc,0.281250
281,200,b,fe,0.281250
281,200,c,0,0.703125
281,200,c,2,0.703125
281,200,c,4,0.703125
281,200,c,6,0.703125
281,200,c,8,0.679688
281,200,c,a,0.679688
281,200,c,c,0.679688
281,200,c,e,0.664062
281,200,c,10,0.656250
281,200,c,12,0.656250
281,200,c,14,0.656250
281,200,c,16,0.656250
281,200,c,18,0.656250
281,200,c,1a,0.656250
281,200,c,1c,0.656250
281,200,c,1e,0.656250
281,200,c,20,0.562500
281,200,c,22,0.562500
281,200,c,24,0.562500
281,200,c,26,0.562500
281,200,c,28,0.562500
281,200,c,2a,0.562500
281,200,c,2c,0.562500
281,200,c,2e,0.562500
281,200,c,30,0.562500
281,200,c,32,0.562500
281,200,c,34,0.562500
281,200,c,36,0.562500
281,200,c,38,0.562500
281,200,c,3a,0.562500
281,200,c,3c,0.562500
281,200,c,3e,0.562500
281,200,c,40,0.375000
281,200,c,42,0.375000
281,200,c,44,0.375000
281,200,c,46,0.375000
281,200,c,48,0.375000
281,200,c,4a,0.375000
281,200,c,4c,0.375000
281,200,c,4e,0.375000
281,200,c,50,0.375000
281,200,c,52,0.375000
281,200,c,54,0.375000
281,200,c,56,0.375000
281,200,c,58,0.375000
281,200,c,5a,0.375000
281,200,c,5c,0.375000
281,200,c,5e,0.375000
281,200,c,60,0.375000
281,200,c,62,0.375000
281,200,c,64,0.375000
281,200,c,66,0.375000
281,200,c,68,0.375000
281,200,c,6a,0.375000
281,200,c,6c,0.375000
281,200,c,6e,0.375000
281,200,c,70,0.375000
281,200,c,72,0.375000
281,200,c,74,0.375000
281,200,c,76,0.375000
281,200,c,78,0.375000
281,200,c,7a,0.375000
281,200,c,7c,0.375000
281,200,c,7e,0.375000
281,200,c,80,0.035156
281,200,c,82,0.035156
281,200,c,84,0.035156
281,200,c,86,0.035156
281,200,c,88,0.052734
281,200,c,8a,0.052734
281,200,c,8c,0.052734
281,200,c,8e,0.064453
281,200,c,90,0.070312
281,200,c,92,0.070312
281,200,c,94,0.070312
281,200,c,96,0.070312
281,200,c,98,0.070312
281,200,c,9a,0.070312
281,200,c,9c,0.070312
281,200,c,9e,0.070312
281,200,c,a0,0.140625
281,200,c,a2,0.140625
281,200,c,a4,0.140625
281,200,c,a6,0.140625
281,200,c,a8,0.140625
281,200,c,aa,0.140625
281,200,c,ac,0.140625
281,200,c,ae,0.140625
281,200,c,b0,0.140625
281,200,c,b2,0.140625
281,200,c,b4,0.140625
281,200,c,b6,0.140625
281,200,c,b8,0.140625
281,200,c,ba,0.140625
281,200,c,bc,0.140625
281,200,c,be,0.140625
281,200,c,c0,0.281250
281,200,c,c2,0.281250
281,200,c,c4,0.281250
281,200,c,c6,0.281250
281,200,c,c8,0.281250
281,200,c,ca,0.281250
281,200,c,cc,0.281250
281,200,c,ce,0.281250
281,200,c,d0,0.281250
281,200,c,d2,0.281250
281,200,c,d4,0.281250
281,200,c,d6,0.281250
281,200,c,d8,0.281250
281,200,c,da,0.281250
281,200,c,dc,0.281250
281,200,c,de,0.281250
281,200,c,e0,0.281250
281,200,c,e2,0.281250
281,200,c,e4,0.281250
281,200,c,e6,0.281250
281,200,c,e8,0.281250
281,200,c,ea,0.281250
281,200,c,ec,0.281250
281,200,c,ee,0.281250
281,200,c,f0,0.281250
281,200,c,f2,0.281250
281,200,c,f4,0.281250
281,200,c,f6,0.281250
281,200,c,f8,0.281250
281,200,c,fa,0.281250
281,200,c,fc,0.281250
281,200,c,fe,0.281250
281,200,d,0,0.468750
281,200,d,2,0.468750
281,200,d,4,0.468750
281,200,d,6,0.468750
281,200,d,8,0.453125
281,200,d,a,0.453125
281,200,d,c,0.453125
281,200,d,e,0.445312
281,200,d,10,0.437500
281,200,d,12,0.437500
281,200,d,14,0.437500
281,200,d,16,0.437500
281,200,d,18,0.437500
281,200,d,1a,0.437500
281,200,d,1c,0.437500
281,200,d,1e,0.437500
281,200,d,20,0.375000
281,200,d,22,0.375000
281,200,d,24,0.375000
281,200,d,26,0.375000
281,200,d,28,0.375000
281,200,d,2a,0.375000
281,200,d,2c,0.375000
281,200,d,2e,0.375000
281,200,d,30,0.375000
281,200,d,32,0.375000
281,200,d,34,0.375000
281,200,d,36,0.375000
281,200,d,38,0.375000
281,200,d,3a,0.375000
281,200,d,3c,0.375000
281,200,d,3e,0.375000
281,200,d,40,0.250000
281,200,d,42,0.250000
281,200,d,44,0.250000
281,200,d,46,0.250000
281,200,d,48,0.250000
281,200,d,4a,0.250000
281,200,d,4c,0.250000
281,200,d,4e,0.250000
281,200,d,50,0.250000
281,200,d,52,0.250000
281,200,d,54,0.250000
281,200,d,56,0.250000
281,200,d,58,0.250000
281,200,d,5a,0.250000
281,200,d,5c,0.250000
281,200,d,5e,0.250000
281,200,d,60,0.250000
281,200,d,62,0.250000
281,200,d,64,0.250000
281,200,d,66,0.250000
281,200,d,68,0.250000
281,200,d,6a,0.250000
281,200,d,6c,0.250000
281,200,d,6e,0.250000
281,200,d,70,0.250000
281,200,d,72,0.250000
281,200,d,74,0.250000
281,200,d,76,0.250000
281,200,d,78,0.250000
281,200,d,7a,0.250000
281,200,d,7c,0.250000
281,200,d,7e,0.250000
281,200,d,80,0.023438
281,200,d,82,0.023438
281,200,d,84,0.023438
281,200,d,86,0.023438
281,200,d,88,0.035156
281,200,d,8a,0.035156
281,200,d,8c,0.035156
281,200,d,8e,0.041016
281,200,d,90,0.046875
281,200,d,92,0.046875
281,200,d,94,0.046875
281,200,d,96,0.046875
281,200,d,98,0.046875
281,200,d,9a,0.046875
281,200,d,9c,0.046875
281,200,d,9e,0.046875
281,200,d,a0,0.093750
281,200,d,a2,0.093750
281,200,d,a4,0.093750
281,200,d,a6,0.093750
281,200,d,a8,0.093750
281,200,d,aa,0.093750
281,200,d,ac,0.093750
281,200,d,ae,0.093750
281,200,d,b0,0.093750
281,200,d,b2,0.093750
281,200,d,b4,0.093750
281,200,d,b6,0.093750
281,200,d,b8,0.093750
281,200,d,ba,0.093750
281,200,d,bc,0.093750
281,200,d,be,0.093750
281,200,d,c0,0.187500
281,200,d,c2,0.187500
281,200,d,c4,0.187500
281,200,d,c6,0.187500
281,200,d,c8,0.187500
281,200,d,ca,0.187500
281,200,d,cc,0.187500
281,200,d,ce,0.187500
281,200,d,d0,0.187500
281,200,d,d2,0.187500
281,200,d,d4,0.187500
281,200,d,d6,0.187500
281,200,d,d8,0.187500
281,200,d,da,0.187500
281,200,d,dc,0.187500
281,200,d,de,0.187500
281,200,d,e0,0.187500
281,200,d,e2,0.187500
281,200,d,e4,0.187500
281,200,d,e6,0.187500
281,200,d,e8,0.187500
281,200,d,ea,0.187500
281,200,d,ec,0.187500
281,200,d,ee,0.187500
281,200,d,f0,0.187500
281,200,d,f2,0.187500
281,200,d,f4,0.187500
281,200,d,f6,0.187500
281,200,d,f8,0.187500
281,200,d,fa,0.187500
281,200,d,fc,0.187500
281,200,d,fe,0.187500
281,200,e,0,0.468750
281,200,e,2,0.468750
281,200,e,4,0.468750
281,200,e,6,0.468750
281,200,e,8,0.453125
281,200,e,a,0.453125
281,200,e,c,0.445312
281,200,e,e,0.445312
281,200,e,10,0.437500
281,200,e,12,0.437500
281,200,e,14,0.437500
281,200,e,16,0.437500
281,200,e,18,0.437500
281,200,e,1a,0.437500
281,200,e,1c,0.437500
281,200,e,1e,0.437500
281,200,e,20,0.375000
281,200,e,22,0.375000
281,200,e,24,0.375000
281,200,e,26,0.375000
281,200,e,28,0.375000
281,200,e,2a,0.375000
281,200,e,2c,0.375000
281,200,e,2e,0.375000
281,200,e,30,0.375000
281,200,e,32,0.375000
281,200,e,34,0.375000
281,200,e,36,0.375000
281,200,e,38,0.375000
281,200,e,3a,0.375000
281,200,e,3c,0.375000
281,200,e,3e,0.375000
281,200,e,40,0.250000
281,200,e,42,0.250000
281,200,e,44,0.250000
281,200,e,46,0.250000
281,200,e,48,0.250000
281,200,e,4a,0.250000
281,200,e,4c,0.250000
281,200,e,4e,0.250000
281,200,e,50,0.250000
281,200,e,52,0.250000
281,200,e,54,0.250000
281,200,e,56,0.250000
281,200,e,58,0.250000
281,200,e,5a,0.250000
281,200,e,5c,0.250000
281,200,e,5e,0.250000
281,200,e,60,0.250000
281,200,e,62,0.250000
281,200,e,64,0.250000
281,200,e,66,0.250000
281,200,e,68,0.250000
281,200,e,6a,0.250000
281,200,e,6c,0.250000
281,200,e,6e,0.250000
281,200,e,70,0.250000
281,200,e,72,0.250000
281,200,e,74,0.250000
281,200,e,76,0.250000
281,200,e,78,0.250000
281,200,e,7a,0.250000
281,200,e,7c,0.250000
281,200,e,7e,0.250000
281,200,e,80,0.023438
281,200,e,82,0.023438
281,200,e,84,0.023438
281,200,e,86,0.023438
281,200,e,88,0.035156
281,200,e,8a,0.035156
281,200,e,8c,0.041016
281,200,e,8e,0.041016
281,200,e,90,0.046875
281,200,e,92,0.046875
281,200,e,94,0.046875
281,200,e,96,0.046875
281,200,e,98,0.046875
281,200,e,9a,0.046875
281,200,e,9c,0.046875
281,200,e,9e,0.046875
281,200,e,a0,0.093750
281,200,e,a2,0.093750
281,200,e,a4,0.093750
281,200,e,a6,0.093750
281,200,e,a8,0.093750
281,200,e,aa,0.093750
281,200,e,ac,0.093750
281,200,e,ae,0.093750
281,200,e,b0,0.093750
281,200,e,b2,0.093750
281,200,e,b4,0.093750
281,200,e,b6,0.093750
281,200,e,b8,0.093750
281,200,e,ba,0.093750
281,200,e,bc,0.093750
281,200,e,be,0.093750
281,200,e,c0,0.187500
281,200,e,c2,0.187500
281,200,e,c4,0.187500
281,200,e,c6,0.187500
281,200,e,c8,0.187500
281,200,e,ca,0.187500
281,200,e,cc,0.187500
281,200,e,ce,0.187500
281,200,e,d0,0.187500
281,200,e,d2,0.187500
281,200,e,d4,0.187500
281,200,e,d6,0.187500
281,200,e,d8,0.187500
281,200,e,da,0.187500
281,200,e,dc,0.187500
281,200,e,de,0.187500
281,200,e,e0,0.187500
281,200,e,e2,0.187500
281,200,e,e4,0.187500
281,200,e,e6,0.187500
281,200,e,e8,0.187500
281,200,e,ea,0.187500
281,200,e,ec,0.187500
281,200,e,ee,0.187500
281,200,e,f0,0.187500
281,200,e,f2,0.187500
281,200,e,f4,0.187500
281,200,e,f6,0.187500
281,200,e,f8,0.187500
281,200,e,fa,0.187500
281,200,e,fc,0.187500
281,200,e,fe,0.187500
281,200,f,0,0.882812
281,200,f,2,0.882812
281,200,f,4,0.882812
281,200,f,6,0.882812
281,200,f,8,0.851562
281,200,f,a,0.851562
281,200,f,c,0.835938
281,200,f,e,0.828125
281,200,f,10,0.820312
281,200,f,12,0.820312
281,200,f,14,0.820312
281,200,f,16,0.820312
281,200,f,18,0.820312
281,200,f,1a,0.820312
281,200,f,1c,0.820312
281,200,f,1e,0.820312
281,200,f,20,0.703125
281,200,f,22,0.703125
281,200,f,24,0.703125
281,200,f,26,0.703125
281,200,f,28,0.703125
281,200,f,2a,0.703125
281,200,f,2c,0.703125
281,200,f,2e,0.703125
281,200,f,30,0.703125
281,200,f,32,0.703125
281,200,f,34,0.703125
281,200,f,36,0.703125
281,200,f,38,0.703125
281,200,f,3a,0.703125
281,200,f,3c,0.703125
281,200,f,3e,0.703125
281,200,f,40,0.468750
281,200,f,42,0.468750
281,200,f,44,0.468750
281,200,f,46,0.468750
281,200,f,48,0.468750
281,200,f,4a,0.468750
281,200,f,4c,0.468750
281,200,f,4e,0.468750
281,200,f,50,0.468750
281,200,f,52,0.468750
281,200,f,54,0.468750
281,200,f,56,0.468750
281,200,f,58,0.468750
281,200,f,5a,0.468750
281,200,f,5c,0.468750
281,200,f,5e,0.468750
281,200,f,60,0.468750
281,200,f,62,0.468750
281,200,f,64,0.468750
281,200,f,66,0.468750
281,200,f,68,0.468750
281,200,f,6a,0.468750
281,200,f,6c,0.468750
281,200,f,6e,0.468750
281,200,f,70,0.468750
281,200,f,72,0.468750
281,200,f,74,0.468750
281,200,f,76,0.468750
281,200,f,78,0.468750
281,200,f,7a,0.468750
281,200,f,7c,0.468750
281,200,f,7e,0.468750
281,200,f,80,0.041016
281,200,f,82,0.041016
281,200,f,84,0.041016
281,200,f,86,0.041016
281,200,f,88,0.064453
281,200,f,8a,0.064453
281,200,f,8c,0.076172
281,200,f,8e,0.082031
281,200,f,90,0.087891
281,200,f,92,0.087891
281,200,f,94,0.087891
281,200,f,96,0.087891
281,200,f,98,0.087891
281,200,f,9a,0.087891
281,200,f,9c,0.087891
281,200,f,9e,0.087891
281,200,f,a0,0.175781
281,200,f,a2,0.175781
281,200,f,a4,0.175781
281,200,f,a6,0.175781
281,200,f,a8,0.175781
281,200,f,aa,0.175781
281,200,f,ac,0.175781
281,200,f,ae,0.175781
281,200,f,b0,0.175781
281,200,f,b2,0.175781
281,200,f,b4,0.175781
281,200,f,b6,0.175781
281,200,f,b8,0.175781
281,200,f,ba,0.175781
281,200,f,bc,0.175781
281,200,f,be,0.175781
281,200,f,c0,0.351562
281,200,f,c2,0.351562
281,200,f,c4,0.351562
281,200,f,c6,0.351562
281,200,f,c8,0.351562
281,200,f,ca,0.351562
281,200,f,cc,0.351562
281,200,f,ce,0.351562
281,200,f,d0,0.351562
281,200,f,d2,0.351562
281,200,f,d4,0.351562
281,200,f,d6,0.351562
281,200,f,d8,0.351562
281,200,f,da,0.351562
281,200,f,dc,0.351562
281,200,f,de,0.351562
281,200,f,e0,0.351562
281,200,f,e2,0.351562
281,200,f,e4,0.351562
281,200,f,e6,0.351562
281,200,f,e8,0.351562
281,200,f,ea,0.351562
281,200,f,ec,0.351562
281,200,f,ee,0.351562
281,200,f,f0,0.351562
281,200,f,f2,0.351562
281,200,f,f4,0.351562
281,200,f,f6,0.351562
281,200,f,f8,0.351562
281,200,f,fa,0.351562
281,200,f,fc,0.351562
281,200,f,fe,0.351562